5
7 10
49 97 52 70 53 79 40 60 45 65
17 38 27 80 73 56 1 74 2 31
55 5 88 66 75 79 76 1 9 96
62 71 1 56 3 32 96 19 59 53
83 93 52 46 92 21 97 33 56 86
40 33 30 57 5 15 80 30 82 88
28 9 66 50 47 53 22 35 50 30
7 10
80 88 70 53 76 65 33 73 13 87
4 92 18 89 90 1 29 2 27 26
19 83 48 27 89 100 82 43 37 63
55 8 49 57 34 80 7 33 91 7
28 41 49 31 4 61 65 5 94 17
32 59 94 82 65 21 40 51 98 18
59 97 58 42 15 13 98 85 43 11
7 10
55 11 80 15 22 28 9 100 10 79
88 80 78 49 7 42 42 39 19 75
41 36 49 78 87 58 41 62 66 63
34 65 99 75 80 71 56 45 46 25
59 91 80 29 46 92 7 25 53 67
65 87 8 19 48 83 2 56 21 53
2 91 91 36 75 6 88 65 100 41
7 10
81 34 78 42 29 33 70 5 100 71
13 23 23 66 25 8 13 67 86 52
50 48 40 67 87 25 93 30 10 17
4 50 85 46 79 6 69 80 64 48
62 39 62 33 37 9 44 89 22 96
10 85 86 73 22 41 57 95 2 82
44 50 29 48 41 50 2 87 24 95
7 10
64 80 26 94 4 82 30 66 61 63
49 69 41 93 43 97 52 19 91 83
64 12 76 69 16 11 78 24 91 96
57 87 100 43 75 60 22 24 11 96
12 28 37 96 53 14 34 88 37 45
65 17 86 49 85 90 73 44 9 46
78 39 56 45 3 36 83 69 23 57
